
Classless evaluation

kMeans
======

Number of iterations: 104
Within cluster sum of squared errors: 79428.39131530559

Initial starting points (random):

Cluster 0: 144,82,153,98,152,94,124,128,154,106,217,223,205,207,196,226,118,223,215,199,142,72,99,73,121,100,86,125,112,129,25,20,16,23,28,83,27,25,12,43,208,203,198,204,165,115,211,209,202,183,131,107,64,74,113,78,53,118,204,198,217,179,182,186,224,173,187
Cluster 1: 118,140,163,69,158,164,74,90,159,67,181,183,187,227,231,185,164,239,231,185,249,243,110,241,239,235,244,125,133,124,159,167,91,163,160,143,157,152,160,162,250,251,252,251,255,160,249,155,252,187,71,169,104,159,184,95,180,244,185,185,183,254,186,255,187,255,255
Cluster 2: 100,69,161,127,154,71,109,110,161,104,196,193,203,205,205,196,206,196,196,183,118,116,117,114,129,133,107,184,222,173,137,139,85,108,107,168,118,112,102,129,190,190,188,190,173,133,191,187,187,189,105,83,161,107,86,127,92,120,186,179,187,160,168,168,194,162,177
Cluster 3: 135,243,46,144,75,248,132,103,48,157,234,237,234,235,238,238,194,237,235,250,255,255,178,252,255,252,255,150,168,160,43,94,23,16,11,96,17,19,121,5,249,252,252,249,252,60,248,254,251,226,149,115,217,162,160,193,167,133,247,253,244,250,255,250,240,254,247
Cluster 4: 75,81,109,96,107,84,68,76,105,74,144,141,142,142,135,139,159,137,141,126,122,126,202,131,125,127,132,173,216,183,105,98,122,118,114,158,113,122,99,113,112,76,68,94,104,121,104,113,69,103,95,128,185,121,128,207,122,121,129,126,132,144,132,148,134,149,148
Cluster 5: 65,83,72,21,78,61,61,64,77,68,123,111,142,169,193,103,235,135,156,81,41,37,144,48,53,52,52,68,219,85,72,71,59,55,59,156,56,56,77,75,164,143,121,141,82,54,153,164,123,119,43,43,0,69,35,28,42,98,84,79,88,75,74,73,102,72,79
Cluster 6: 55,115,81,61,64,75,67,56,77,70,31,30,30,34,29,30,16,35,34,31,18,16,3,33,20,38,27,21,2,33,82,81,70,58,61,53,72,49,83,149,65,66,66,63,45,72,60,63,62,56,59,28,4,41,36,3,35,20,31,32,30,31,32,33,30,29,35

Missing values globally replaced with mean/mode

Final cluster centroids:
                         Cluster#
Attribute    Full Data          0          1          2          3          4          5          6
             (35887.0)   (5498.0)   (5432.0)   (6371.0)   (4170.0)   (4249.0)   (6004.0)   (4163.0)
===================================================================================================
pixel1505      144.731   132.1626   188.1522   172.3257   157.1398   164.7639   106.9882    83.9995
pixel1559     137.1755   126.8358   175.4954   156.1543   148.9017   154.9645   105.6839    87.3012
pixel1310     161.0615   152.9109   201.0838   189.7988   169.9281   175.3114   129.4622     97.772
pixel1700     132.4224   119.3763   172.1962   155.4651   144.4134    152.462    98.0869    79.5446
pixel1264      160.722   152.2212   200.1762   189.3273   168.8254   175.2403   129.7317    98.4506
pixel1556     138.0717   125.6617      179.9   161.2251   153.2446   159.3575   100.3328    81.9529
pixel1553     143.3744   130.2947   186.6215   171.3893   156.3779   163.9179   105.2132    82.3891
pixel1552     143.9719   131.7219   187.1504   171.3442   156.0245   162.9734    107.196    83.4915
pixel1263     161.9975    154.088   201.8524   190.6225    169.529   176.1845   131.1321    99.1235
pixel1554     142.1629   128.8134    185.789   169.3888   156.0077   163.1953   103.2179    82.0351
pixel24       133.5057   169.4671    196.972   180.5034    71.8787    62.6945   139.8593    56.1163
pixel23        133.587   170.3867   197.8034   181.1953    71.8388    61.8562   139.2345    55.2553
pixel25       133.1146   168.2525   195.5705   178.7729    72.2199    63.6032    139.679     57.817
pixel73        138.773   170.9152    200.158   186.1008    80.0206    73.6999   144.1496    61.3111
pixel75       137.1736   168.3543   196.5346   180.8292    81.8019    74.2532   142.4167    63.8513
pixel22       133.4056   170.5369   198.4148   181.1708    72.2177    61.2911   138.0493    54.6392
pixel229      118.6545   146.1184    169.019   128.2175    98.4571     75.081   116.2234    70.2424
pixel71       139.1268   172.1486   202.0352   188.5527    79.8386    72.2144   143.8066     58.723
pixel72       139.0968   171.6359     201.32   187.8683    79.7199    73.0172   144.4152    59.5443
pixel17       128.4133   166.8623   195.9899   169.9011    78.7981    58.0899   126.1208    50.7473
pixel1058     118.4165    167.725   191.9085    77.8033   186.5528    65.4912    73.6272     69.919
pixel1010     117.5126   167.3709   191.4172    76.3023   185.5911    63.8202    73.1386    68.9068
pixel1532     119.4646   147.5471   169.8179    96.1366   153.6362    84.4389     97.575    85.4653
pixel865      115.1103   167.7981   189.4613    69.4175   186.2453    58.9652    70.6464    68.6161
pixel1009     117.8565   169.9252   192.8663    72.2422   191.2998     61.892    72.1544    70.4893
pixel912      117.6102   169.5466   191.1996    71.1844   190.4957     62.028    72.7996    72.3963
pixel817      114.1564   166.3343   187.3722    69.4282   183.3508    58.8138    70.6526    68.0805
pixel910      114.1414   148.5813   166.5712    87.6851   143.1058    72.3815    94.3023    82.9558
pixel1294     119.3447   151.6837   171.3551    92.2926   156.1511    80.0546     96.479    86.3819
pixel959      116.2346   150.8554    168.873    88.4032   149.6808    74.7425    94.3331    84.8537
pixel1942     125.3247   101.0806   165.5317   151.4401   137.4976   149.6437    93.6501    73.5806
pixel1943     125.4101   102.9754   164.1688   150.6946   135.7113   148.4166    95.3907    75.2657
pixel1891     123.7508   102.9949    166.833   147.7454    137.918   147.9021    88.4445    70.3053
pixel1940     125.0368   100.8192   168.3693   151.4318   138.8415   150.3704    90.2412    70.5832
pixel1989     126.7991   103.5151   168.6272   152.3598   140.4794   150.4024    94.3766    72.8206
pixel1947     124.9242   108.7539   157.5197   145.3117   132.7571    141.012   101.2268    82.4588
pixel1941     125.0356    99.9893   166.7929    151.859   138.4775   150.1323    91.5766    71.7538
pixel1939     125.6355   103.1981   170.0092   151.0983   140.1739   150.3622    89.8468    70.2155
pixel1895      124.612   104.7823   160.7123   148.9804   133.7568   145.2634    96.3834    76.8768
pixel2037     128.4746   109.3392      168.9   152.8473   141.3283   150.1876    96.8328    74.2967
pixel263      153.3018   168.1639    204.241   196.4186   121.1247   120.5312   147.3967    75.4163
pixel309      154.2995   165.4065   204.1707   196.8256   129.4233   127.8249   143.9742    76.3072
pixel356      154.7792   162.0453   202.9149    195.452   136.4053   134.6557     140.97    78.9892
pixel261      152.4533   167.4822   204.7145   196.9429     121.74   118.5119   145.0003    72.4828
pixel450      153.0598    155.024    198.056   190.1005   145.4118   141.5154   133.8491    82.2172
pixel2032     129.4463    119.588   174.9634   150.6913   145.1307   144.5945      93.23    71.6209
pixel262       153.032   167.8374   204.6926   197.0276   121.6681   119.5564   146.3344    73.9832
pixel313      154.6213   165.7654    201.509   194.1264   127.9609   129.0883   146.7921    82.3226
pixel308      153.3015   164.3938   203.9205   196.0901   129.2741   126.2572   142.2027    74.7977
pixel549      157.1449   155.1617    196.361   189.3679   154.9825   156.1271   135.7445    93.3493
pixel1651     136.9772   123.7266   178.3113   162.1796   150.2053   157.5034   100.3181     80.644
pixel2221      116.587   119.3801   167.9941   119.4588   144.1252   116.6442    80.5961    65.6896
pixel2244     112.8908    122.948   152.8711   108.9917   128.4885    99.7338    94.4392    77.8246
pixel1410     146.1403   136.9794   187.9781   170.1719   158.0568   163.8899    110.933    87.5945
pixel2075     117.6526   124.7381   172.0966   117.3014   149.3314   112.2386    79.9109    66.0185
pixel1866     115.4762   137.6204   163.1985    95.8627    147.064     87.457    93.8761    82.0872
pixel2123     115.7934   123.3769   170.3343   113.6608   147.9683   110.0944    78.4709    65.2904
pixel1492     120.7557   153.7052   184.4411    93.9225   177.0477    85.9565     79.928     73.221
pixel18       129.8853   168.0255   197.1539   173.9515    76.7585    58.2149   129.3384    51.4574
pixel16       126.4563   165.0486   193.8848   164.4305    81.3106    58.0645   122.3746    50.3031
pixel19       131.1342   168.9005   198.0017   176.8686    75.2978    58.5625   132.1644    52.5304
pixel158      133.1463    163.048   198.3875    172.283   100.8631    75.4206   122.7593    54.8686
pixel14       121.3778   159.5144   188.2507   149.8385    88.2722    57.3801    113.059    50.6769
pixel111      132.9358   166.0768   199.5155   174.1816    93.3731    69.5032   125.9487     53.619
pixel21       132.9956    170.291   198.5738   180.9137    72.8432    60.2659   136.7928    53.8477
pixel110      129.7378   163.8505   196.9205   166.9546    94.4765    66.8275   120.8583    52.4045
pixel112       135.635   167.6702   201.1024   180.0163    93.0324     72.382   130.2385     54.999


Clustered Instances

0       5498 ( 15%)
1       5432 ( 15%)
2       6371 ( 18%)
3       4170 ( 12%)
4       4249 ( 12%)
5       6004 ( 17%)
6       4163 ( 12%)


Class attribute: emotion
Classes to Clusters:

    0    1    2    3    4    5    6  <-- assigned to cluster
  887  652  790  573  445  945  661 | Angry
  115  105  114   37   36  104   36 | Disgust
 1014  956  811  655  448  768  469 | Fear
 1134 1324 1953  851 1318 1505  904 | Happy
  936  686  882  651  640 1281 1001 | Sad
  750  946  721  584  394  411  196 | Surprise
  662  763 1100  819  968  990  896 | Neutral

Cluster 0 <-- Fear
Cluster 1 <-- Surprise
Cluster 2 <-- Happy
Cluster 3 <-- Disgust
Cluster 4 <-- Neutral
Cluster 5 <-- Angry
Cluster 6 <-- Sad

Incorrectly clustered instances :	29023.0	 80.8733 %




