
Class evaluation

kMeans
======

Number of iterations: 92
Within cluster sum of squared errors: 106596.32119080513

Initial starting points (random):

Cluster 0: Surprise,144,82,153,98,152,94,124,128,154,106,217,223,205,207,196,226,118,223,215,199,142,72,99,73,121,100,86,125,112,129,25,20,16,23,28,83,27,25,12,43,208,203,198,204,165,115,211,209,202,183,131,107,64,74,113,78,53,118,204,198,217,179,182,186,224,173,187
Cluster 1: Surprise,118,140,163,69,158,164,74,90,159,67,181,183,187,227,231,185,164,239,231,185,249,243,110,241,239,235,244,125,133,124,159,167,91,163,160,143,157,152,160,162,250,251,252,251,255,160,249,155,252,187,71,169,104,159,184,95,180,244,185,185,183,254,186,255,187,255,255
Cluster 2: Happy,100,69,161,127,154,71,109,110,161,104,196,193,203,205,205,196,206,196,196,183,118,116,117,114,129,133,107,184,222,173,137,139,85,108,107,168,118,112,102,129,190,190,188,190,173,133,191,187,187,189,105,83,161,107,86,127,92,120,186,179,187,160,168,168,194,162,177
Cluster 3: Fear,135,243,46,144,75,248,132,103,48,157,234,237,234,235,238,238,194,237,235,250,255,255,178,252,255,252,255,150,168,160,43,94,23,16,11,96,17,19,121,5,249,252,252,249,252,60,248,254,251,226,149,115,217,162,160,193,167,133,247,253,244,250,255,250,240,254,247
Cluster 4: Sad,75,81,109,96,107,84,68,76,105,74,144,141,142,142,135,139,159,137,141,126,122,126,202,131,125,127,132,173,216,183,105,98,122,118,114,158,113,122,99,113,112,76,68,94,104,121,104,113,69,103,95,128,185,121,128,207,122,121,129,126,132,144,132,148,134,149,148
Cluster 5: Neutral,65,83,72,21,78,61,61,64,77,68,123,111,142,169,193,103,235,135,156,81,41,37,144,48,53,52,52,68,219,85,72,71,59,55,59,156,56,56,77,75,164,143,121,141,82,54,153,164,123,119,43,43,0,69,35,28,42,98,84,79,88,75,74,73,102,72,79
Cluster 6: Happy,55,115,81,61,64,75,67,56,77,70,31,30,30,34,29,30,16,35,34,31,18,16,3,33,20,38,27,21,2,33,82,81,70,58,61,53,72,49,83,149,65,66,66,63,45,72,60,63,62,56,59,28,4,41,36,3,35,20,31,32,30,31,32,33,30,29,35

Missing values globally replaced with mean/mode

Final cluster centroids:
                         Cluster#
Attribute    Full Data          0          1          2          3          4          5          6
             (35887.0)   (4378.0)   (5216.0)   (6258.0)   (5507.0)   (4270.0)   (5325.0)   (4933.0)
===================================================================================================
emotion          Happy   Surprise   Surprise      Happy       Fear        Sad    Neutral      Happy
pixel1505      144.731   171.3515   189.3246   158.5644   133.3283   158.5239    97.1269    108.582
pixel1559     137.1755   152.0582      176.3     149.76   128.9633    150.511    96.1521   108.5415
pixel1310     161.0615   191.1421   201.5587   175.4533   153.5075   169.2574   117.9698   121.1417
pixel1700     132.4224   152.0978   172.4218   145.8623   121.7407   146.1248     88.415   103.1849
pixel1264      160.722   190.6686   200.7331   174.8816   152.8239    168.033   118.1831   122.2832
pixel1556     138.0717   156.2353    180.735   153.3806   127.7914   154.4871    89.8977   106.6892
pixel1553     143.3744    170.429   187.9996   157.2303   131.2052   157.8951    95.2922   107.5202
pixel1552     143.9719   170.9692   188.3545   156.3726   132.8553   157.5937    97.9305   107.6706
pixel1263     161.9975    192.061   202.3535   176.4214   154.5399   168.9084    119.336   122.7423
pixel1554     142.1629   167.0749   187.1097   156.7296   130.0824   157.4433    92.9534   107.4281
pixel24       133.5057   197.9986   195.6083   128.1614   165.7943    61.5778   130.5775    46.7592
pixel23        133.587   199.0005   196.3669   127.4743   166.7885    61.2398   130.0361     46.298
pixel25       133.1146   196.0276   194.0243   127.6727   164.7645    62.4379   130.8717    48.0456
pixel73        138.773   200.7595   198.8046   139.2875   167.9771    68.4738   134.5221    52.4697
pixel75       137.1736   195.6699   195.3581   135.7911   165.4474    70.9487   133.9598    54.7196
pixel22       133.4056   199.3433   196.8547   126.5527   167.0087    61.7806    128.705    46.0501
pixel229      118.6545   139.3298   168.8253   105.9428   145.4071    91.2567   113.0789    63.2508
pixel71       139.1268   203.3132   200.6651   139.7242   169.2924     67.541     133.68    50.5038
pixel72       139.0968   202.5208   199.9847   140.2347   168.7332     67.685   134.1831    51.0172
pixel17       128.4133   191.1594   194.4889   114.8437   163.4867    68.3368   118.0402    44.1198
pixel1058     118.4165    78.1638   193.5205    81.8794   169.8444   173.2272    78.3018     59.525
pixel1010     117.5126    76.9598   193.0196    80.4827    169.495   171.8475     77.785    58.4616
pixel1532     119.4646    99.2129   172.4515    96.2971   148.8965   144.7977    98.3268    78.8344
pixel865      115.1103    69.9673   191.6455     75.939    170.361   170.0564    75.8377    57.0935
pixel1009     117.8565    72.4918   194.8447     79.163    171.955   175.9948    77.2911    58.8699
pixel912      117.6102    72.1277   193.3719    78.4169   171.9186   174.4895    78.0419    60.4385
pixel817      114.1564     70.368   189.3039    75.5821   168.6695   167.4075    75.8278    56.9187
pixel910      114.1414    92.4749   168.8039    85.0046      150.7   134.4037    97.4406    72.2112
pixel1294     119.3447    94.8936   173.9565    92.2895   153.9898   146.5707    99.0747    77.2599
pixel959      116.2346    92.4945   171.3635     87.136   153.0686   140.3595    97.5647    74.0774
pixel1942     125.3247   137.9705   164.0134   152.0912    105.897   138.1714    81.4445    97.1723
pixel1943     125.4101   137.3424   162.6242   151.5026   107.6766   136.7822     83.126    97.9682
pixel1891     123.7508    136.402   166.4068   147.3771   106.4082   139.0981    77.1769    93.7983
pixel1940     125.0368    137.844   167.4571   151.1411   105.4758   140.0956    78.4148    94.8301
pixel1989     126.7991   139.4326   167.9918    151.999   107.7026   141.3525    82.1686    96.9611
pixel1947     124.9242   135.6364   156.7335   144.3221    112.248   133.7426    90.8424   100.4831
pixel1941     125.0356   137.9676   165.4427   151.8789   105.1514   139.3475    79.4325    95.8167
pixel1939     125.6355   138.8536   169.5426   149.9025   107.5184   141.2368    78.4329    94.3677
pixel1895      124.612   136.9262   159.1923    149.259   108.9019   134.0621    84.1681    98.8676
pixel2037     128.4746    141.503   168.6538   152.0174    112.651   142.0637    84.7162    97.6994
pixel263      153.3018   203.6046   203.6486   169.1593   167.5551    108.726   136.0723    76.5777
pixel309      154.2995   202.8303   203.7855   171.7212   164.6483    118.056   132.4738    80.1824
pixel356      154.7792   200.4973   202.5815   172.2097    161.596   126.5888   129.7131    85.3977
pixel261      152.4533   204.0756   204.0736    168.578   166.6297   109.0998   133.4135    73.8547
pixel450      153.0598   193.2631   197.7299   170.1353   155.2884   137.6677   122.4877    92.3221
pixel2032     129.4463   144.9016   175.8146   146.4231   120.4661   144.6094     81.849    93.4439
pixel262       153.032   204.0356   204.0932   169.2792    167.195    108.956   134.8546    75.1277
pixel313      154.6213   200.9591   201.0065   169.9024   165.2673   117.7593   135.8798    85.3191
pixel308      153.3015   202.1039   203.4431   170.4126   163.6425   117.8016   130.7405    78.8028
pixel549      157.1449   190.7049   196.6227   174.4907   155.4304   149.4656   125.2113   106.6457
pixel1651     136.9772   160.0557   179.0564   150.1855   125.9739   152.4808    90.1523   104.6556
pixel2221      116.587   115.4255   168.9325   119.7691   121.2272   141.2407    73.6158    78.0977
pixel2244     112.8908   111.0617   154.2883   107.3351   124.6997   123.9201    88.6451    81.2323
pixel1410     146.1403   169.2428    188.644   158.7961   138.0365   158.5138   101.4595   111.2076
pixel2075     117.6526   114.2917   172.9592   116.7472   126.9188   145.5194    73.6586    76.3288
pixel1866     115.4762    98.6293    166.014    96.5495   139.2807   138.7813    93.3211    78.1695
pixel2123     115.7934   110.4815   171.0038   114.4492    125.744   144.0803    72.6351    74.8293
pixel1492     120.7557    92.2988   186.8909    97.3781   155.6799   168.3103    80.5987    68.9355
pixel18       129.8853     194.36   195.4887     118.03   164.6541    66.1375   121.0404    44.2502
pixel16       126.4563   186.0895   192.5993   111.2948   161.6835    70.9354   114.8543    44.0849
pixel19       131.1342   196.4447   196.2502   120.7734    165.617    64.6335   123.4222    44.8563
pixel158      133.1463   187.9253   197.5817   128.3653   161.2626    88.0169    113.483    51.3653
pixel14       121.3778   171.9424   187.0686   102.6812   156.5451    77.9724   107.0077    44.5856
pixel111      132.9358   191.5662    198.538   126.1123   164.0287    80.4124   116.5814    48.5994
pixel21       132.9956   199.2549   196.8566   125.4529   166.7823    62.4817   127.5298    45.4537
pixel110      129.7378    185.209   195.9277   119.6556    161.676    82.1932   112.3619    47.5672
pixel112       135.635   196.3038   200.0313   131.8063    165.649     79.818   120.3455    49.8713


Clustered Instances


Unclustered instances : 35887

Class attribute: emotion
Classes to Clusters:

  <-- assigned to cluster
 | Angry
 | Disgust
 | Fear
 | Happy
 | Sad
 | Surprise
 | Neutral


Incorrectly clustered instances :	0.0	  0      %




