
Class evaluation

EM
==

Number of clusters: 7
Number of iterations performed: 100


               Cluster
Attribute            0         1         2         3         4         5         6
                (0.12)    (0.19)    (0.15)    (0.16)    (0.14)    (0.12)    (0.11)
===================================================================================
emotion
  Angry        482.7917  874.8944  812.4825  742.7501  804.5708  505.6843  736.8263
  Disgust       103.584   57.0981  128.8512  106.9916   57.0162   39.1884   61.2704
  Fear         722.0116  985.5044  791.2072   848.389  632.8543  534.2369  613.7967
  Happy        1088.702 1799.9936 1468.5041 1583.3947  1112.475 1074.4658  868.4649
  Sad          505.9574  979.1423 1067.7048  806.3949 1258.8832  769.4264  696.4911
  Surprise     807.4227 1038.0597  356.9577  786.2979  263.5984  383.8317  372.8318
  Neutral      629.2758 1260.9615  859.7972  903.0025 1068.5632 1048.7007  434.6991
  [total]     4339.7452 6995.6539 5485.5048 5777.2208 5197.9609 4355.5342 3784.3802
pixel1505
  mean         193.1753  172.5567  120.1033  164.0879   81.7531  150.9814  123.1828
  std. dev.     33.6947   38.7718   34.7156   31.9595   38.5668   44.8156   58.9526

pixel1559
  mean         173.5012  158.5202  117.8616  152.8319    85.841  144.8368  121.8396
  std. dev.     47.5091   46.0155   41.0324   42.1475   42.8983   48.1032   60.3119

pixel1310
  mean         209.5542  185.3973  139.2526  182.0949   97.5771  161.9636  146.1181
  std. dev.     25.4566   35.6441   32.9868   26.6976   42.1511   45.4369   54.8363

pixel1700
  mean         172.2481  156.6247  110.2973  149.5446   77.6534   139.967  114.4767
  std. dev.     48.9782   47.8243   39.7277   43.3016   39.7557   48.5585   60.8303

pixel1264
  mean         208.9145  184.8289  138.1207  180.8212   98.1735  162.0666  147.3274
  std. dev.     25.3597   35.6917   32.4161   26.0426   41.3192   44.5153   54.6116

pixel1556
  mean         178.9123  164.8568  114.6878   155.905   79.6162  147.4287  117.9024
  std. dev.     44.6301   43.2679   38.2784    39.057   40.1212   46.7915   60.4871

pixel1553
  mean         191.8209  171.4391  118.7762  163.0467   80.2419   150.266  120.3314
  std. dev.     34.3202   39.0963   35.0092    32.098   38.2341   45.1056   59.4476

pixel1552
  mean         192.4293  170.7779  119.7603   163.586   81.8139  149.7239  122.7454
  std. dev.     33.9266   40.1299   34.6243   31.4243   38.5185    45.268   58.2353

pixel1263
  mean         210.4675  186.0144  139.9714  182.4805   98.9143  162.6563  148.5555
  std. dev.     24.4308   35.5848   32.2693   25.5362   41.5498   44.9898   54.3569

pixel1554
  mean         189.4309  170.3421  117.5514  161.4183   79.5934  150.2411  118.7758
  std. dev.     36.2191    40.039   35.8854   34.4235   38.5846   45.4458    60.425

pixel24
  mean         215.7801  103.4619  141.9263  178.6949   80.5925   35.4982  199.0188
  std. dev.      18.605   44.7801    22.387    18.757   40.5496   21.1268   29.9698

pixel23
  mean         217.0063  103.1179  141.9402  179.5137   79.4564   35.4103  199.4125
  std. dev.     17.5359   42.9404   21.1108   17.5552    39.279   21.2507   28.6039

pixel25
  mean         213.8373  103.5087  141.2619  177.1194    82.006   36.4983  197.7217
  std. dev.     20.9255     46.84    24.937   21.1537   42.1369   22.1664   32.7004

pixel73
  mean         217.6655  117.0151  145.9768  182.4619   85.8406   40.9665  196.6865
  std. dev.     17.0542   48.2324   22.3242   17.6718   41.1611   25.0686   33.5073

pixel75
  mean         213.4388  115.5064  143.5705  178.1487   87.7688   43.9493  193.1265
  std. dev.     22.2814   52.3549   27.5054   23.6839   44.8315   29.7729   39.0523

pixel22
  mean         217.6028  103.1678  141.4556  179.8076   78.4385   35.4691  198.4971
  std. dev.     16.9777    42.169   20.4303   17.0393   38.7072   21.3973   29.4415

pixel229
  mean         166.8061  105.4938  120.3378  140.1818   86.7891   66.4349  156.3519
  std. dev.     57.9714   61.5839   50.0336    52.471   58.2133    57.543   64.7065

pixel71
  mean          219.863   118.047    146.18  184.3613   83.4439   39.2786  197.6583
  std. dev.     14.9912   45.2014   19.6253   15.4374   38.4578   23.2032   30.4613

pixel72
  mean         219.0308  117.8584  146.3542  183.6643   84.4033   39.7071  197.6774
  std. dev.     15.6783   46.6491   20.5803   16.2422   39.7241   23.5018   31.3462

pixel17
  mean         213.2162  102.5639  133.8753  173.0879   73.5581    36.868  183.5722
  std. dev.      20.989   50.0381    27.073   23.2597   41.2597   23.9392    44.286

pixel1058
  mean         153.0624  128.8722  107.0951   129.913   79.8694  102.9754  128.9384
  std. dev.     72.1824   76.1289   61.2305   66.8848   61.4819   76.8226   77.2439

pixel1010
  mean         152.6112  127.4445  106.7452  128.5833   79.3496  101.3598  128.6233
  std. dev.     72.4226   76.0727   61.4313    67.048   61.4743   76.5321   77.2239

pixel1532
  mean         144.6805  122.8432  112.1039  127.7646    93.272  106.7145    132.96
  std. dev.     72.7776   74.6455   62.5619   68.6527   66.4973   75.9146   74.2849

pixel865
  mean         148.2121  124.5133  104.7337  124.8388   79.3147   98.5793  128.1551
  std. dev.     74.9309   78.1429   63.6826   70.3172   63.2909   79.0927   79.1439

pixel1009
  mean         151.1296  128.5311  106.9476  127.9012   80.3435  103.2222  128.8178
  std. dev.     74.1687   77.8165   63.3565   69.8205    63.174   78.7599   78.5093

pixel912
  mean         150.1154  127.7447  106.5636  126.8768   81.8737  103.5341  128.7563
  std. dev.     76.9529   79.5345    65.575   72.6412   65.1679   80.9402   80.1142

pixel817
  mean         146.7151   123.416  103.8514  123.7439   78.8292   97.1466  128.1083
  std. dev.     75.6676   78.5378   63.9387   70.7204   63.3722   79.0397   79.1892

pixel910
  mean         142.0369  111.2272   108.547  122.6747    91.667    96.417  133.9041
  std. dev.     75.9218   76.9982   63.8586   71.2099   68.0433   77.1761   76.6678

pixel1294
  mean         144.8135  120.9344  112.4028  127.6834   94.5359  105.8268  134.1753
  std. dev.     75.2909     76.98   64.2301    71.204   68.1823    77.999   76.2539

pixel959
  mean         143.3359  115.5049  110.1097  124.1252   92.7527  100.6397  133.5507
  std. dev.     77.5747   78.9281   64.9574   73.0299   68.4241   79.5136   78.6099

pixel1942
  mean         156.2135  148.7446  108.1025   142.541   72.7925  133.9034  107.5581
  std. dev.     55.1112   49.4035   39.6249   44.0837   38.3396   49.4739   60.4174

pixel1943
  mean         155.1582  147.0928  109.0404  142.6861    74.901  132.7516  109.4834
  std. dev.     55.5667   49.9524   40.3235     44.68   39.3027   49.9454   60.4911

pixel1891
  mean         158.2588  149.1572  103.2357  140.6448   69.2151  132.1732  106.3595
  std. dev.     53.7216   49.0832   39.5989    44.014    36.796   49.9567    59.458

pixel1940
  mean         158.1553   150.357  105.6025  143.4683   69.8539  133.6921  106.1043
  std. dev.     53.9136   48.0904    38.674   42.3139   36.4074   49.3262   60.5924

pixel1989
  mean         159.9563   151.459  108.7005  144.7337   72.3567  135.3095   107.015
  std. dev.     53.5632   47.8923   38.6252   42.7541   37.4364   50.0437   59.3071

pixel1947
  mean         151.7158  140.7778  111.0707   139.393   82.8418   129.868  114.9922
  std. dev.     55.6682   52.3972   43.3744   46.5423   45.2294   52.4214   60.0718

pixel1941
  mean         157.0555  149.5843  106.6159  142.6567   71.0291  133.9919  106.5941
  std. dev.     54.5543   48.6474   39.0926   43.6652   37.1323   49.4197   60.5562

pixel1939
  mean         160.2029  151.5042  104.8889  144.7416   69.7723  133.8561  106.3337
  std. dev.     52.8466   47.7925   38.6541     41.67   36.4069    49.749   59.9348

pixel1895
  mean         155.0279  144.7555  108.0671  140.1925   76.1566  131.6246  111.1671
  std. dev.     56.4204   52.2442   42.3451   46.6382   40.7874    50.188   60.1119

pixel2037
  mean         162.6941  153.0423  110.5072  146.1558   74.5056  134.9654  109.5137
  std. dev.     51.9625   47.6379   39.0045   42.8336    38.355   50.6642   58.5504

pixel263
  mean         220.3495  159.8899  151.0137  189.7145   95.8129   82.1528  172.8122
  std. dev.     15.8217   49.0451   21.5834   15.7273   42.1374   55.1453   50.9109

pixel309
  mean          220.439  165.6635  149.2138  189.7117   94.3326   91.6108  165.2679
  std. dev.        15.6   47.7728   21.4813   15.7413   41.4326    57.695   51.8672

pixel356
  mean          218.486  169.1226  146.6871  188.4111   94.4917  101.8705  159.2874
  std. dev.     18.2585   46.7657   24.4619   17.6024   41.9301    59.937   53.6371

pixel261
  mean         221.2412  160.7779  149.7261  189.7201   92.5966   80.0852  170.7444
  std. dev.     14.9607   48.4964   20.2717   15.2467   41.0358   54.3342   49.7154

pixel450
  mean          211.789  170.9749   140.439  183.3563    93.177  116.3646  149.1112
  std. dev.     27.1079   46.3335   31.2817   25.0762   43.3672   61.6892   57.5769

pixel2032
  mean         169.6846  154.0796  109.3916  147.7232   72.4222  131.8657  114.4625
  std. dev.     48.8814   50.0306   40.3227   43.1735    41.445   54.8455   60.4551

pixel262
  mean         220.9771  160.6898  150.6096  189.9407   94.1276   81.1304  171.7828
  std. dev.     15.2272   48.5529   20.7378   15.1632    41.387   54.7559   50.2224

pixel313
  mean         216.9855  162.3554  150.1179   187.587  100.1666   94.3212  169.2039
  std. dev.     19.9711   49.5547   25.9476   19.6197   44.5434   59.3041   53.9108

pixel308
  mean         220.1228   165.173  147.8769  189.1022   92.7196   90.1453  163.8301
  std. dev.     16.1208   47.6665   21.8736   15.8929   41.1002   57.5862   52.1076

pixel549
  mean         208.5914  175.9564   141.741  182.2673  100.0739  135.5468  150.5875
  std. dev.     30.0383   44.6136   34.2286   28.0455   44.6454    58.037   56.6886

pixel1651
  mean         180.5867  163.3771  113.4172  154.9281   78.4545  144.8876  116.1784
  std. dev.     44.0611   44.7926   38.5224   38.5232   38.7777   47.3604   61.2399

pixel2221
  mean         151.4621  136.2823  100.4938   129.351   69.7459  114.7076  110.5215
  std. dev.     63.9799   64.3771   51.9948    59.172   51.1648   66.9932    68.694

pixel2244
  mean         140.6754  118.9538  104.5695  122.9046   82.5553  104.2028  118.2654
  std. dev.     67.0036   67.9838   57.1007    61.925   59.8386   68.1547   70.7325

pixel1410
  mean         191.6803  171.4371  122.1747  163.2417   86.6728  151.2561  131.5696
  std. dev.     35.3191   39.4326   35.8757   33.5275   40.5373   45.2131   57.9683

pixel2075
  mean         153.5751  136.2604  101.6445  131.0904   70.6613  113.7508  113.7802
  std. dev.     64.4901   65.2752   52.2519     58.79   50.5938   68.2491     68.58

pixel1866
  mean         140.1374  119.9682   107.595  123.3904   89.2095   105.378   125.941
  std. dev.     74.1035     74.08    62.712   69.6529   65.5575   74.7379   74.2592

pixel2123
  mean          150.541  133.9418  100.7535  128.0632   70.0194  112.1068  112.5776
  std. dev.     66.3429   66.7744   53.9878   60.6599   51.3828   68.9522   69.5968

pixel1492
  mean         152.9401  134.9162  108.5786   132.331   79.9964  111.6783  124.0819
  std. dev.     70.8794   73.7334   59.1568   65.8465   60.1525   76.2543   74.7271

pixel18
  mean           215.14  102.1117  136.2084  175.9378    74.773    36.174  187.5786
  std. dev.     19.1664   47.1389   24.6953   20.6547    40.126   23.1738   40.2472

pixel16
  mean         209.9372  102.7196  130.8747  169.2205   72.7452   37.9349  178.6009
  std. dev.     25.0065   53.2354   30.3735   27.2212   43.0229    25.715   49.3092

pixel19
  mean         216.3122  102.4222  137.8701  177.7655   76.0431   35.9743  190.8078
  std. dev.     17.9475   45.2977   23.0054   19.1391   39.5047   22.5088   36.7652

pixel158
  mean         211.7804  126.8913  133.2643  174.4551   75.6405   50.0541  165.9318
  std. dev.     22.3392   56.0201   30.0064   24.9474    43.315   35.8911   52.3222

pixel14
  mean         199.1543  102.5043  123.2343  158.2009   71.1807   42.2593  168.2059
  std. dev.     37.1694   58.2752   37.7665   37.7669   46.2685   34.6008   57.8785

pixel111
  mean          214.498  121.1854  135.4913  176.2112   75.5082   43.3855  173.3178
  std. dev.     19.6676   53.9412   27.4945   22.3953   41.5838   29.0949   48.5457

pixel21
  mean         217.6169  103.2687  140.6091  179.7611   77.9098   35.3914  196.5138
  std. dev.     16.8222   42.8537   20.8035   17.1255   38.9019   21.4452   31.5572

pixel110
  mean          210.209  117.8886  131.7253  171.2662   73.8007   44.0858  168.5108
  std. dev.     24.2267   56.2697   31.2089   27.2502   43.2849   31.0329   53.5114

pixel112
  mean         217.0804  124.0964  138.5265  179.8166   77.1768   43.9108  177.8064
  std. dev.     17.7173   51.6781   24.8293   19.6936   40.2096   28.9783   44.7646

Clustered Instances


Unclustered instances : 35887

Log likelihood: NaN


Class attribute: emotion
Classes to Clusters:

  <-- assigned to cluster
 | Angry
 | Disgust
 | Fear
 | Happy
 | Sad
 | Surprise
 | Neutral


Incorrectly clustered instances :	0.0	  0      %




