
Classless evaluation

FarthestFirst
==============

Cluster centroids:

Cluster 0
	 195.0 223.0 212.0 183.0 223.0 226.0 207.0 191.0 222.0 220.0 99.0 116.0 89.0 138.0 157.0 121.0 158.0 155.0 144.0 158.0 187.0 179.0 179.0 139.0 177.0 138.0 114.0 62.0 112.0 43.0 212.0 210.0 199.0 205.0 195.0 207.0 209.0 202.0 191.0 208.0 202.0 208.0 211.0 195.0 210.0 183.0 197.0 209.0 207.0 218.0 213.0 189.0 131.0 151.0 191.0 90.0 184.0 125.0 150.0 136.0 147.0 162.0 115.0 166.0 114.0 168.0 140.0
Cluster 1
	 0.0 0.0 0.0 0.0 0.0 0.0 0.0 0.0 0.0 0.0 0.0 0.0 0.0 0.0 0.0 0.0 0.0 0.0 0.0 0.0 0.0 0.0 0.0 0.0 0.0 0.0 0.0 0.0 0.0 0.0 0.0 0.0 0.0 0.0 0.0 0.0 0.0 0.0 0.0 0.0 0.0 0.0 0.0 0.0 0.0 0.0 0.0 0.0 0.0 0.0 0.0 0.0 0.0 0.0 0.0 0.0 0.0 0.0 0.0 0.0 0.0 0.0 0.0 0.0 0.0 0.0 0.0
Cluster 2
	 0.0 21.0 1.0 0.0 12.0 3.0 0.0 0.0 3.0 0.0 222.0 217.0 227.0 218.0 229.0 217.0 208.0 211.0 212.0 50.0 183.0 189.0 235.0 187.0 184.0 171.0 180.0 238.0 234.0 239.0 18.0 67.0 0.0 0.0 13.0 167.0 1.0 0.0 22.0 43.0 1.0 20.0 0.0 31.0 229.0 0.0 3.0 195.0 54.0 188.0 0.0 0.0 224.0 0.0 0.0 234.0 0.0 192.0 176.0 7.0 211.0 207.0 229.0 40.0 223.0 227.0 39.0
Cluster 3
	 233.0 255.0 223.0 255.0 240.0 255.0 222.0 223.0 221.0 242.0 0.0 0.0 0.0 0.0 0.0 0.0 0.0 0.0 0.0 0.0 255.0 255.0 0.0 255.0 255.0 254.0 239.0 0.0 0.0 0.0 0.0 0.0 193.0 0.0 2.0 0.0 0.0 0.0 193.0 0.0 0.0 0.0 0.0 0.0 0.0 0.0 0.0 0.0 0.0 0.0 240.0 0.0 0.0 255.0 0.0 0.0 0.0 255.0 0.0 0.0 0.0 0.0 0.0 0.0 0.0 0.0 0.0
Cluster 4
	 155.0 2.0 26.0 4.0 242.0 55.0 107.0 33.0 177.0 50.0 255.0 255.0 255.0 255.0 255.0 255.0 255.0 255.0 255.0 223.0 1.0 1.0 155.0 1.0 1.0 1.0 1.0 63.0 11.0 243.0 2.0 0.0 81.0 13.0 27.0 42.0 25.0 17.0 0.0 36.0 255.0 255.0 255.0 255.0 255.0 1.0 255.0 255.0 255.0 255.0 12.0 1.0 0.0 228.0 1.0 82.0 1.0 1.0 244.0 178.0 252.0 211.0 70.0 229.0 255.0 167.0 248.0
Cluster 5
	 84.0 96.0 242.0 52.0 255.0 110.0 221.0 38.0 254.0 255.0 1.0 3.0 0.0 0.0 2.0 0.0 0.0 0.0 0.0 0.0 0.0 0.0 75.0 0.0 0.0 0.0 0.0 0.0 160.0 0.0 255.0 181.0 35.0 31.0 181.0 26.0 213.0 32.0 58.0 32.0 249.0 82.0 192.0 88.0 255.0 0.0 34.0 149.0 255.0 255.0 10.0 233.0 248.0 5.0 20.0 221.0 69.0 0.0 1.0 0.0 2.0 0.0 0.0 2.0 1.0 4.0 0.0
Cluster 6
	 252.0 223.0 211.0 253.0 102.0 240.0 248.0 246.0 105.0 239.0 255.0 255.0 254.0 253.0 255.0 255.0 255.0 255.0 254.0 254.0 169.0 249.0 254.0 255.0 255.0 253.0 255.0 255.0 254.0 255.0 106.0 124.0 136.0 25.0 2.0 208.0 54.0 0.0 202.0 43.0 0.0 22.0 18.0 33.0 102.0 255.0 15.0 8.0 0.0 0.0 255.0 72.0 254.0 158.0 51.0 254.0 6.0 166.0 254.0 254.0 254.0 255.0 254.0 253.0 255.0 250.0 255.0

Clustered Instances

0      27616 ( 77%)
1       3071 (  9%)
2       1132 (  3%)
3        619 (  2%)
4       1684 (  5%)
5       1567 (  4%)
6        198 (  1%)


Class attribute: emotion
Classes to Clusters:

    0    1    2    3    4    5    6  <-- assigned to cluster
 3611  511  196   59  358  197   21 | Angry
  441   25   18    6   43   12    2 | Disgust
 4089  325  176   99  216  175   41 | Fear
 7272  643  240   91  301  405   37 | Happy
 4259  760  243  134  345  294   42 | Sad
 3384  121   87   86  154  139   31 | Surprise
 4560  686  172  144  267  345   24 | Neutral

Cluster 0 <-- Happy
Cluster 1 <-- Sad
Cluster 2 <-- Fear
Cluster 3 <-- Surprise
Cluster 4 <-- Angry
Cluster 5 <-- Neutral
Cluster 6 <-- Disgust

Incorrectly clustered instances :	26888.0	 74.9241 %




