
Classless evaluation

EM
==

Number of clusters: 7
Number of iterations performed: 91


             Cluster
Attribute          0        1        2        3        4        5        6
              (0.12)   (0.15)   (0.19)   (0.14)   (0.16)   (0.12)   (0.11)
===========================================================================
pixel1505
  mean       150.8921 120.1154 172.5116  81.7322 164.0871 193.1625 123.4612
  std. dev.   44.8435   34.752  38.7838  38.5625  31.9685  33.7016  59.0299

pixel1559
  mean       144.7476 117.8822 158.4905  85.8293 152.8138 173.4923 122.0651
  std. dev.   48.1419  41.0653  46.0132  42.8903  42.1657  47.5191   60.337

pixel1310
  mean       161.8676 139.2882 185.3342  97.5966 182.0811 209.5451 146.3674
  std. dev.   45.4895  33.0163  35.6936  42.1536  26.7333  25.4531  54.8754

pixel1700
  mean       139.8816 110.2808 156.6176  77.6254 149.5309 172.2622 114.7063
  std. dev.     48.59  39.7672  47.7905  39.7399  43.3164   48.961  60.8802

pixel1264
  mean       161.9767 138.1452 184.7758  98.1839 180.8139 208.9174 147.5547
  std. dev.    44.555  32.4348  35.7138  41.3315  26.0559  25.3411  54.6648

pixel1556
  mean       147.3412 114.6895 164.8233  79.5935  155.899 178.9042 118.1631
  std. dev.    46.826  38.3178  43.2735   40.109   39.081  44.6419  60.5137

pixel1553
  mean       150.1677 118.7927 171.3938  80.2246 163.0427 191.8007 120.6222
  std. dev.   45.1336  35.0404  39.1127  38.2391  32.1139  34.3496  59.5243

pixel1552
  mean       149.6313 119.7815  170.724  81.8012 163.5926 192.4205 123.0037
  std. dev.   45.2937  34.6546  40.1528  38.5253  31.4239  33.9373  58.3083

pixel1263
  mean       162.5625 140.0035 185.9563  98.9292 182.4714 210.4627  148.792
  std. dev.   45.0346  32.2913  35.6215  41.5582  25.5585  24.4231  54.4014

pixel1554
  mean       150.1313 117.5642 170.3107  79.5776 161.4126 189.4147 119.0524
  std. dev.   45.4801  35.9231  40.0454  38.5867  34.4457  36.2298  60.4931

pixel24
  mean        35.4785 142.0045 103.3808  80.7115  178.684 215.8005 199.1176
  std. dev.   21.1136  22.3714  44.7048  40.5459   18.752  18.5765  29.9155

pixel23
  mean        35.3893 142.0137 103.0424  79.5837 179.5053 217.0246 199.4977
  std. dev.   21.2327  21.1029  42.8685  39.2867  17.5534  17.5152  28.5593

pixel25
  mean        36.4775 141.3437 103.4413  82.1077 177.1045 213.8577  197.818
  std. dev.   22.1573  24.9191  46.7619  42.1288  21.1517  20.8963  32.6718

pixel73
  mean        40.9532  146.061 116.9275  85.9515 182.4446 217.6807 196.8102
  std. dev.   25.0654  22.3009  48.1694  41.1471  17.6631  17.0328  33.4884

pixel75
  mean        43.9338 143.6628 115.4112  87.8823 178.1232 213.4644 193.2427
  std. dev.   29.7668  27.4721  52.2986  44.8239  23.6787  22.2426  39.0488

pixel22
  mean        35.4438 141.5267 103.1058  78.5618 179.8077 217.6194 198.5616
  std. dev.   21.3761  20.4166  42.1081  38.7113  17.0326   16.968  29.4202

pixel229
  mean        66.4434 120.3892 105.4303  86.8557 140.1635 166.8388 156.4002
  std. dev.   57.5535  50.0505  61.5661  58.2067  52.4703   57.963   64.695

pixel71
  mean        39.2641 146.2618 117.9516  83.5744 184.3469 219.8696 197.7849
  std. dev.    23.203  19.6063  45.1449  38.4601  15.4306  14.9854  30.4184

pixel72
  mean        39.6931 146.4358 117.7635  84.5283 183.6475 219.0417 197.8071
  std. dev.   23.5016  20.5633  46.5934  39.7147  16.2355  15.6649  31.2995

pixel17
  mean        36.8264 133.9165 102.5844  73.6627  173.121 213.2441  183.505
  std. dev.    23.899  27.0847  50.0269  41.2617  23.2276  20.9397  44.4008

pixel1058
  mean       102.9564 107.1401 128.8712  79.8549 129.9285 153.0298  128.993
  std. dev.   76.8412  61.2709  76.0896  61.4657  66.8729  72.1945  77.2706

pixel1010
  mean        101.343 106.7846 127.4419  79.3433 128.6031 152.5805  128.667
  std. dev.   76.5556  61.4675  76.0376  61.4551  67.0345  72.4359  77.2511

pixel1532
  mean       106.7086 112.0864 122.8154  93.3184 127.7623 144.6702 133.0391
  std. dev.   75.9347  62.5828  74.6295  66.4805  68.6482  72.7724   74.309

pixel865
  mean        98.6007 104.7547 124.5002  79.3195 124.8637 148.1694 128.1894
  std. dev.   79.1118  63.7037  78.1172  63.2836  70.3054  74.9431  79.1802

pixel1009
  mean       103.2221 106.9752 128.5131  80.3516 127.9164 151.0874 128.8841
  std. dev.    78.774  63.3767  77.7874  63.1738  69.8041  74.1854  78.5514

pixel912
  mean        103.556 106.6086 127.7089  81.8784 126.8971 150.0721 128.8015
  std. dev.   80.9645  65.6009  79.5088  65.1694  72.6273  76.9731   80.133

pixel817
  mean        97.1673 103.8721 123.4019  78.8365 123.7693 146.6766 128.1364
  std. dev.    79.063  63.9612  78.5126  63.3592  70.7075  75.6817  79.2244

pixel910
  mean         96.428 108.5373 111.2254  91.7001  122.681  142.037 133.9042
  std. dev.   77.1991  63.8862  76.9857  68.0218  71.2174  75.9229  76.6603

pixel1294
  mean       105.8043 112.3796 120.9251  94.5801 127.6928 144.7983 134.2391
  std. dev.    78.011  64.2672  76.9569  68.1674  71.2086  75.2819  76.2638

pixel959
  mean       100.6433 110.0916 115.5239  92.7603 124.1293 143.3374 133.5669
  std. dev.   79.5394  64.9881  78.9017   68.404  73.0387  77.5662  78.6111

pixel1942
  mean       133.7468 107.9929 148.8684  72.7474 142.5371 156.2568 107.7245
  std. dev.    49.532   39.669  49.2628   38.305  44.0738  55.0942  60.4698

pixel1943
  mean       132.6042 108.9248 147.2125   74.864 142.6831 155.2076 109.6352
  std. dev.   50.0032  40.3817   49.809  39.2789   44.671   55.545  60.5339

pixel1891
  mean       132.0308 103.1316 149.2446  69.1982  140.647  158.305 106.5229
  std. dev.   50.0121   39.613  48.9756  36.7857  44.0013  53.6888   59.525

pixel1940
  mean       133.5381  105.477 150.4694  69.8339 143.4664 158.2097 106.2655
  std. dev.   49.3841  38.7032  47.9637   36.395  42.3025  53.8762  60.6442

pixel1989
  mean       135.1547 108.5888 151.5557  72.3517 144.7294 159.9961 107.1857
  std. dev.   50.1082   38.653  47.7911  37.4206  42.7407  53.5446  59.3601

pixel1947
  mean       129.7565 111.0232 140.8191  82.8164 139.3837 151.7651 115.1385
  std. dev.   52.4704  43.4303  52.3215  45.2149  46.5259  55.6402  60.1131

pixel1941
  mean       133.8409 106.4924 149.7027   70.996 142.6519 157.1055 106.7625
  std. dev.   49.4754  39.1267  48.5161  37.1029   43.653  54.5247  60.6153

pixel1939
  mean       133.6947 104.7892 151.6003  69.7609 144.7375  160.252 106.4974
  std. dev.   49.8116  38.6725   47.681  36.3944  41.6617  52.8087  60.0005

pixel1895
  mean       131.4935 107.9788 144.8472  76.1198 140.1892 155.0902 111.2972
  std. dev.   50.2405  42.3859  52.1262   40.789  46.6268  56.3927  60.1466

pixel2037
  mean       134.8002 110.4197 153.1138  74.5202 146.1449 162.7059 109.7269
  std. dev.   50.7311  39.0395  47.5571  38.3563  42.8326  51.9674  58.5912

pixel263
  mean        82.1488 151.0802 159.7528  95.9406 189.6995 220.3648 172.9856
  std. dev.   55.1799  21.5701  49.0762  42.1352  15.7169  15.8052  50.9377

pixel309
  mean         91.593  149.277 165.5433  94.4393 189.7013 220.4518 165.4462
  std. dev.   57.7201  21.4743  47.8139   41.432  15.7273  15.5857  51.8991

pixel356
  mean       101.8523 146.7414 169.0106  94.5791 188.3942 218.4967 159.4889
  std. dev.    59.953  24.4713  46.8098  41.9293   17.608  18.2475  53.6792

pixel261
  mean        80.0798 149.7944 160.6512  92.7135 189.7082 221.2508 170.9191
  std. dev.   54.3675  20.2592  48.5341  41.0305  15.2361  14.9464  49.7414

pixel450
  mean       116.3296 140.4749 170.8876  93.2216 183.3393 211.7894 149.3582
  std. dev.   61.7033  31.3102  46.3612  43.3616   25.091  27.1205  57.6005

pixel2032
  mean       131.7548  109.394 154.0501   72.441 147.6979 169.6731 114.7243
  std. dev.   54.8863  40.3356  50.0347  41.4373  43.2032  48.8848  60.5144

pixel262
  mean        81.1271 150.6777 160.5562  94.2509 189.9274 220.9898 171.9558
  std. dev.   54.7924  20.7189  48.5879  41.3846  15.1535  15.2115  50.2526

pixel313
  mean        94.3066 150.1786 162.2283 100.2753 187.5662 217.0066 169.3882
  std. dev.   59.3189  25.9502  49.5857   44.555  19.6174  19.9451  53.9096

pixel308
  mean          90.13 147.9377  165.056  92.8253 189.0899 220.1356 164.0094
  std. dev.   57.6038  21.8733  47.7101  41.1031  15.8889  16.1019  52.1426

pixel549
  mean       135.4958 141.7888 175.8569 100.1298 182.2223 208.6046 150.8402
  std. dev.   58.0508  34.2535  44.6642  44.6577  28.0824  30.0321   56.715

pixel1651
  mean       144.7921 113.4129 163.3561  78.4185 154.9149 180.5912  116.454
  std. dev.   47.3878  38.5529  44.7825  38.7591  38.5503  44.0481  61.2938

pixel2221
  mean       114.6455 100.5013 136.2448  69.7499 129.3401 151.4443 110.7347
  std. dev.   66.9887  52.0108  64.3839  51.1456  59.1857  63.9814  68.7341

pixel2244
  mean       104.1829 104.5985 118.8947  82.5929 122.8583 140.6556 118.4421
  std. dev.   68.1577  57.1258  67.9862  59.8274  61.9335  67.0023  70.7416

pixel1410
  mean       151.1711 122.1785 171.3863  86.6665 163.2289  191.678 131.8465
  std. dev.     45.25  35.9072  39.4493  40.5349  33.5501  35.3218  57.9995

pixel2075
  mean       113.6855 101.6857 136.2261  70.6612  131.075 153.5484 113.9685
  std. dev.   68.2756  52.2822  65.2486   50.581  58.8182  64.4867  68.6079

pixel1866
  mean       105.3635 107.6007 119.9263  89.2504 123.3635 140.1115 126.0825
  std. dev.   74.7447  62.7358  74.0712  65.5401  69.6532  74.0959  74.2882

pixel2123
  mean       112.0429 100.7875 133.9111  70.0157 128.0479 150.5114 112.7735
  std. dev.   68.9818  54.0186  66.7514  51.3527  60.6825  66.3435  69.6249

pixel1492
  mean        111.647  108.607 134.8989  79.9931 132.3518  152.904 124.1766
  std. dev.   76.2636  59.2063  73.6996  60.1368  65.8438  70.8936  74.7427

pixel18
  mean         36.144 136.2599 102.1122  74.8874 175.9597 215.1604 187.5347
  std. dev.   23.1525  24.7017  47.1325  40.1342  20.6367  19.1416  40.3355

pixel16
  mean        37.8959 130.9164 102.7476  72.8436 169.2657 209.9702 178.4961
  std. dev.   25.6733  30.3818  53.2218  43.0335  27.1829  24.9457  49.4541

pixel19
  mean        35.9507 137.9274 102.4012  76.1628 177.7761 216.3285 190.8034
  std. dev.   22.4952  23.0134   45.284  39.5167  19.1258  17.9341  36.8124

pixel158
  mean        50.0316 133.3011 126.8746  75.7526 174.4916 211.7885 165.9208
  std. dev.   35.8794  30.0295  56.0218  43.3262  24.9045  22.3075   52.388

pixel14
  mean        42.2124 123.2666 102.5466  71.2545 158.2526 199.1893 168.1014
  std. dev.   34.5515  37.7657  58.2676  46.2688   37.722  37.1295  58.0071

pixel111
  mean        43.3553 135.5403 121.1772  75.6198 176.2484 214.5043 173.2921
  std. dev.   29.0714  27.5137  53.9307  41.5868  22.3602  19.6478   48.629

pixel21
  mean        35.3676 140.6725 103.2171  78.0339 179.7659 217.6336 196.5612
  std. dev.   21.4288  20.7957  42.8098  38.9068  17.1182  16.8104  31.5503

pixel110
  mean        44.0476 131.7694 117.8988  73.9063  171.311  210.221 168.4506
  std. dev.   30.9974   31.228  56.2553   43.294  27.2019  24.2064  53.6115

pixel112
  mean        43.8838 138.5799 124.0678   77.293 179.8454 217.0845 177.8198
  std. dev.   28.9532  24.8473  51.6768  40.2095  19.6609  17.7038  44.8135

Clustered Instances

0       4360 ( 12%)
1       5486 ( 15%)
2       6982 ( 19%)
3       5187 ( 14%)
4       5774 ( 16%)
5       4326 ( 12%)
6       3772 ( 11%)


Log likelihood: -348.24286


Class attribute: emotion
Classes to Clusters:

    0    1    2    3    4    5    6  <-- assigned to cluster
  506  812  874  803  747  481  730 | Angry
   39  126   57   57  108  101   59 | Disgust
  536  790  988  628  852  722  605 | Fear
 1070 1473 1797 1116 1573 1087  873 | Happy
  777 1064  986 1244  812  508  686 | Sad
  384  360 1025  269  780  801  383 | Surprise
 1048  861 1255 1070  902  626  436 | Neutral

Cluster 0 <-- Neutral
Cluster 1 <-- Angry
Cluster 2 <-- Happy
Cluster 3 <-- Sad
Cluster 4 <-- Fear
Cluster 5 <-- Surprise
Cluster 6 <-- Disgust

Incorrectly clustered instances :	29274.0	 81.5727 %




